% IEEE33 bus adapted
function lines = ieee37_lines()
    lines = [
    1       1       2       0.106626011484938-0.015918110241920         0.069708718362612+0.014026112965934
    2       2       3       0.088952010448611-0.024996388591906         0.055908595029283+0.009185116559052
    3       3       4       0.158783238975602-0.037450199839944         0.060707230707699-0.018018549513464 
    4       3       7       0.088488241486685-0.031549481096454         +0.047476702267080-0.012071659592265
    5       3       17      0.122309014366841-0.034370034313870         +0.076874318165264+0.012629535268696 
    6       17      18      0.095269943385361-0.022470119903966         +0.036424338424619-0.010811129708078
    7       17      22      0.147480402477809-0.052582468494090         +0.079127837111800-0.020119432653775
    8       8       15      0.031756647795120-0.007490039967989         +0.012141446141540-0.003603709902693 
    9       8       9       0.196640536637079-0.070109957992120         +0.105503782815733-0.026825910205034
    10      4       5       0.127026591180481-0.029960159871955         +0.048565784566159-0.014414839610771
    11      4       6       0.095269943385361-0.022470119903966         +0.036424338424619-0.010811129708078
    12      10      11      0.111148267282921-0.026215139887961         +0.042495061495389-0.012612984659425
    13      12      13      0.301688154053644-0.071155379695894         +0.115343738344628-0.034235244075581 
    14      12      14      0.047634971692681-0.011235059951983         +0.018212169212310-0.005405564854039
    15      26      28      0.078656214654831-0.028043983196848         +0.042201513126293-0.010730364082014 
    16      26      27      0.127026591180481-0.029960159871955         +0.048565784566159-0.014414839610771 
    17      23      24      0.147480402477809-0.052582468494090         +0.079127837111800-0.020119432653775
    18      23      26      0.078656214654831-0.028043983196848         +0.042201513126293-0.010730364082014
    19      30      32      0.079391619487801-0.018725099919972         +0.030353615353850-0.009009274756732
    20      30      31      0.508106364721926-0.119840639487821         +0.194263138264637-0.057659358443084
    21      35      36      0.098320268318539-0.035054978996060         +0.052751891407867-0.013412955102517 
    22      35      37      0.079391619487801-0.018725099919972         +0.030353615353850-0.009009274756732 
    23      7       8       0.127816348814101-0.045571472694878         +0.068577458830227-0.017436841633272
    24      15      16      0.206418210668282-0.048685259791927         +0.078919399920009-0.023424114367503
    25      9       12      0.365201449643884-0.086135459631871         +0.139626630627708-0.041442663880966
    26      9       10      0.147480402477809-0.052582468494090         +0.079127837111800-0.020119432653775
    27      18      19      0.068824187822978-0.024538485297242         +0.036926323985507-0.009389068571762
    28      22      23      0.049160134159270-0.017527489498030         +0.026375945703933-0.006706477551258 
    29      28      29      0.137648375645955-0.049076970594484         +0.073852647971013-0.018778137143524 
    30      19      20      0.068824187822978-0.024538485297242         +0.036926323985507-0.009389068571762
    31      29      33      0.157312429309663-0.056087966393696         +0.084403026252587-0.021460728164027 
    32      29      30      0.206418210668282-0.048685259791927         +0.078919399920009-0.023424114367503 
    33      33      34      0.098320268318539-0.035054978996060         +0.052751891407867-0.013412955102517 
    34      34      35      0.098320268318539-0.035054978996060         +0.052751891407867-0.013412955102517 
    35      19      21      0.079391619487801-0.018725099919972         +0.030353615353850-0.009009274756732
    36      23      25      0.029970554579550-0.004474279635567         +0.019593801918140+0.003942474995830]; 
end
  
% % SImple 5 bus system
%   1    1      3     0.2         0.45
%   2    2      3     0.3         0.3   
%   3    3      4     0.1         0.3  
%   4    4      5     0.6         0.3 
%   5    3      5     0.3         0.15 
 
